50
	314	43322	1155
	628	43154	1115
	942	43008	1100
	1256	42872	1092
	1570	42745	1092
	1884	42618	1070
	2198	42503	1085
	2512	42385	1078
	2826	42271	1078
	3140	42156	1070
	3454	42047	1077
	3768	41939	1085
	4396	41719	1085
	4710	41607	1077
	5024	41502	1085
	5338	41396	1093
	5652	41288	1092
	5966	41182	1092
	6280	41080	1108
	6594	40975	1110
	6908	40872	1107
	7222	40770	1115
	7536	40671	1125
	7850	40572	1125
	8164	40473	1140
	8478	40376	1145
	8792	40280	1148
	9106	40184	1140
	9420	40094	1162
	9734	40004	1170
	10048	39911	1170
	10362	39821	1177
	10676	39735	1188
	10990	39651	1192
	11304	39570	1208
	11618	39490	1217
	12246	39332	1247
	12560	39254	1255
	12874	39177	1265
	13188	39099	1277
	13502	39022	1288
	13816	38941	1295
	14130	38854	1285
	14444	38758	1262
	14758	38656	1232
	15072	38544	1185
	15386	38436	1125
	15700	38349	1100
	16014	38274	1093
	16328	38212	1092
	16642	38150	1085
	16956	38098	1078
	17270	38045	1077
	17584	37995	1085
	17898	37946	1077
	18212	37906	1095
	18526	37859	1085
	18840	37819	1093
	19154	37778	1093
	19782	37704	1108
	20096	37670	1125
	20410	37633	1118
	20724	37602	1132
	21038	37568	1133
	21352	37540	1148
	21666	37512	1162
	21980	37481	1155
	22294	37453	1170
	22608	37425	1170
	22922	37394	1177
	23236	37363	1170
	23550	37323	1155
	23864	37273	1140
	24178	37208	1108
	24492	37146	1085
	24806	37103	1095
	25120	37062	1092
	25434	37022	1100
	25748	36979	1102
	26062	36935	1085
	26376	36901	1085
	26690	36870	1108
	27004	36833	1100
	27632	36743	1125
	27946	36678	1100
	28260	36622	1107
	28574	36566	1123
	28888	36495	1115
	29202	36417	1085
	29516	36390	1085
	29830	36374	1093
	30144	36368	1133
	30458	36355	1162
	30772	36337	1202
	31086	36293	1230
	31400	36166	1207
	31714	35825	1155
	32028	35357	1185
	32342	34746	1230

25
	314	43365	1442
	628	43216	1495
	942	43074	1482
	1256	42937	1465
	1570	42801	1443
	1884	42674	1435
	2198	42547	1435
	2512	42429	1435
	2826	42308	1428
	3140	42193	1425
	3454	42075	1425
	4082	41855	1440
	4396	41744	1435
	4710	41635	1450
	5024	41523	1440
	5338	41418	1450
	5652	41313	1465
	5966	41207	1465
	6280	41105	1473
	6594	41003	1490
	6908	40894	1480
	7222	40792	1488
	7536	40690	1505
	7850	40590	1517
	8164	40488	1520
	8478	40392	1535
	8792	40314	1558
	9106	40256	1605
	9420	40190	1635
	9734	40069	1595
	10048	39918	1583
	10362	39766	1582
	10676	39639	1590
	10990	39536	1595
	11618	39406	1650
	11932	39360	1667
	12246	39298	1660
	12560	39223	1650
	12874	39139	1635
	13188	39053	1620
	13502	38966	1612
	13816	38876	1590
	14130	38783	1565
	14444	38690	1527
	14758	38597	1488
	15072	38507	1457
	15386	38423	1418
	15700	38346	1402
	16014	38274	1377
	16328	38212	1362
	16642	38150	1348
	16956	38098	1365
	17270	38042	1340
	17584	37995	1348
	17898	37949	1358
	18212	37906	1350
	18526	37862	1355
	19154	37785	1365
	19468	37747	1370
	19782	37710	1370
	20096	37676	1380
	20410	37642	1380
	20724	37611	1388
	21038	37580	1388
	21352	37549	1395
	21666	37521	1395
	21980	37490	1395
	22294	37465	1402
	22608	37441	1405
	22922	37410	1405
	23236	37385	1395
	23550	37357	1388
	23864	37329	1388
	24178	37304	1388
	24492	37273	1373
	24806	37245	1373
	25120	37211	1355
	25434	37177	1357
	25748	37137	1350
	26376	37065	1348
	26690	37034	1355
	27004	36997	1372
	27318	36954	1373
	27632	36898	1373
	27946	36836	1373
	28260	36783	1380
	28574	36727	1385
	28888	36656	1395
	29202	36569	1362
	29516	36529	1365
	29830	36517	1380
	30144	36504	1402
	30458	36489	1435
	30772	36473	1488
	31086	36439	1550
	31400	36346	1573
	31714	36055	1490
	32028	35599	1520
	32342	34991	1573

0
	314	43359	4612
	628	43167	4908
	942	43002	4875
	1256	42853	4858
	1570	42717	4805
	1884	42587	4797
	2198	42466	4760
	2512	42348	4775
	2826	42233	4710
	3140	42122	4705
	3454	42007	4680
	3768	41896	4653
	4396	41678	4595
	4710	41573	4558
	5024	41465	4550
	5338	41362	4525
	5652	41260	4517
	5966	41151	4495
	6280	41049	4472
	6594	40947	4465
	6908	40838	4433
	7222	40736	4410
	7536	40634	4380
	7850	40541	4388
	8164	40457	4395
	8478	40376	4432
	8792	40290	4442
	9106	40193	4455
	9420	40069	4410
	9734	39914	4333
	10048	39738	4203
	10362	39573	4115
	10676	39428	4048
	10990	39304	4008
	11304	39198	3968
	11618	39108	3945
	12246	38963	3930
	12560	38898	3930
	12874	38833	3923
	13188	38771	3907
	13502	38702	3875
	13816	38640	3867
	14130	38572	3845
	14444	38501	3815
	14758	38436	3807
	15072	38371	3807
	15386	38305	3780
	15700	38247	3782
	16014	38188	3775
	16328	38129	3783
	16642	38073	3775
	16956	38023	3783
	17270	37974	3783
	17584	37927	3797
	17898	37881	3790
	18212	37831	3790
	18526	37791	3798
	18840	37751	3807
	19154	37710	3805
	19782	37636	3823
	20096	37599	3830
	20410	37568	3838
	20724	37537	3845
	21038	37506	3860
	21352	37481	3867
	21666	37462	3890
	21980	37437	3882
	22294	37422	3938
	22608	37403	3953
	22922	37385	3992
	23236	37369	4038
	23550	37348	4078
	23864	37326	4115
	24178	37307	4177
	24492	37282	4222
	24806	37258	4295
	25120	37230	4350
	25434	37202	4425
	25748	37168	4505
	26062	37137	4590
	26376	37096	4665
	26690	37059	4765
	27004	37013	4883
	27632	36913	5108
	27946	36858	5225
	28260	36802	5372
	28574	36749	5525
	28888	36693	5695
	29202	36638	5853
	29516	36591	6075
	29830	36545	6310
	30144	36495	6627
	30458	36430	6915
	30772	36343	7278
	31086	36222	7702
	31400	36042	8192
	31714	35754	8695
	32028	35332	9407
	32342	34734	10323

-10
	314	43294	10285
	628	43021	10813
	942	42795	10727
	1256	42602	10655
	1570	42426	10535
	1884	42261	10448
	2198	42106	10338
	2512	41961	10263
	2826	41821	10145
	3140	41688	10093
	3454	41558	9968
	4082	41313	9835
	4396	41192	9820
	4710	41074	9650
	5024	40956	9603
	5338	40841	9463
	5652	40742	9407
	5966	40649	9362
	6280	40559	9385
	6594	40463	9323
	6908	40345	9308
	7222	40218	9183
	7536	40069	9035
	7850	39918	8915
	8164	39769	8768
	8478	39635	8655
	8792	39515	8573
	9106	39409	8262
	9420	39310	8395
	9734	39223	7968
	10048	39136	8407
	10362	39059	8465
	10676	38988	8443
	10990	38916	8448
	11618	38774	8070
	11932	38699	8370
	12246	38628	8395
	12560	38563	8370
	12874	38491	8355
	13188	38426	8330
	13502	38361	8348
	13816	38296	8348
	14130	38237	8355
	14444	38178	8355
	14758	38119	8377
	15072	38064	8333
	15386	38014	8348
	15700	37961	8385
	16014	37912	8380
	16328	37865	8400
	16642	37822	8388
	16956	37782	8432
	17270	37741	8440
	17584	37707	8525
	17898	37676	8495
	18212	37648	8562
	18840	37599	8698
	19154	37577	8750
	19468	37558	8850
	19782	37537	8938
	20096	37515	9038
	20410	37493	9153
	20724	37475	9285
	21038	37453	9385
	21352	37431	9540
	21666	37410	9650
	21980	37388	9783
	22294	37366	9952
	22608	37338	10068
	22922	37317	10270
	23236	37292	10410
	23550	37264	10643
	23864	37236	10742
	24178	37208	10960
	24492	37174	11108
	24806	37146	11370
	25120	37112	11547
	25434	37078	11805
	26062	37006	12275
	26376	36972	12500
	26690	36935	12680
	27004	36895	12905
	27318	36855	13145
	27632	36817	13407
	27946	36774	13658
	28260	36727	13910
	28574	36684	14075
	28888	36634	14323
	29202	36582	14532
	29516	36520	14805
	29830	36448	14950
	30144	36371	14540
	30458	36266	15332
	30772	36142	15642
	31086	35990	15842
	31400	35797	16105
	31714	35549	16400
	32028	35218	16835
	32342	34771	17445

10
	310	43281	2293
	620	43095	2480
	930	42943	2488
	1240	42804	2457
	1550	42677	2450
	1860	42553	2442
	2170	42438	2433
	2480	42323	2417
	3100	42106	2410
	3410	42001	2410
	3720	41889	2402
	4030	41784	2388
	4340	41678	2392
	4650	41573	2380
	4960	41471	2388
	5270	41368	2370
	5580	41269	2387
	5890	41170	2388
	6200	41068	2395
	6510	40965	2385
	6820	40866	2403
	7130	40764	2402
	7440	40665	2410
	8060	40469	2410
	8370	40383	2420
	8680	40311	2455
	8990	40256	2505
	9300	40187	2532
	9610	40079	2512
	9920	39924	2465
	10230	39750	2425
	10540	39595	2410
	10850	39468	2403
	11160	39366	2395
	11470	39279	2395
	11780	39205	2388
	12090	39139	2377
	12400	39084	2388
	13020	38966	2357
	13330	38888	2300
	13640	38808	2273
	13950	38721	2232
	14260	38637	2192
	14570	38557	2170
	14880	38476	2140
	15190	38405	2117
	15500	38333	2100
	15810	38265	2077
	16120	38203	2070
	16430	38147	2060
	16740	38088	2053
	17050	38039	2055
	17360	37989	2045
	17670	37943	2048
	18290	37853	2055
	18600	37813	2062
	18910	37772	2052
	19220	37735	2055
	19530	37695	2062
	19840	37661	2062
	20150	37627	2062
	20460	37596	2077
	20770	37565	2077
	21080	37534	2085
	21390	37503	2078
	21700	37472	2077
	22010	37447	2085
	22320	37422	2085
	22630	37397	2085
	23250	37351	2085
	23560	37329	2093
	23870	37307	2085
	24180	37289	2085
	24490	37270	2092
	24800	37251	2100
	25111	37230	2100
	25421	37205	2108
	25731	37180	2108
	26041	37152	2115
	26352	37121	2123
	26663	37087	2130
	26974	37050	2133
	27285	37013	2155
	27596	36963	2155
	27907	36913	2178
	28529	36799	2202
	28840	36737	2225
	29151	36665	2230
	29462	36594	2240
	29773	36548	2273
	30084	36523	2303
	30395	36501	2348
	30705	36476	2402
	31016	36448	2495
	31327	36402	2627
	31638	36293	2758
	31949	36052	2852
	32260	35618	2908
	32571	35025	3100

